d <-
list(x = c(-80.889136129435, -80.8880981895369, -80.8496944133074, 
-80.7863800795236, -80.7542039426827, -80.7147622265551, -80.7095725270646, 
-80.6628652316503, -80.6109682367456, -80.5673747610256, -80.5248192252037, 
-80.5071742469361), y = c(36.355154117235, 36.3835838008419, 
36.4237198247575, 36.437934666561, 36.4237198247575, 36.4462963382101, 
36.4914493651151, 36.5232237173817, 36.5332577233606, 36.5315853890307, 
36.5391108935149, 36.5533257353184))
